896014603145
977840531091
541481802344
477516343127
648586680123
662418678567
426084792077
461561775264
746210010505
41955647950
687486501735
434921060540
125690872330
461651922978
887323371178
175780358250
376010706020
333857315101
108673455650
38629539877
780959339205
127191248785
929631752074
815188810818
463059957554
121758021525
356966384796
487856273354
299290390717
686272994939
88780532995
43143837439
563972074549
90667816171
601805717747
70253895411
771100859073
544891489870
941780978113
999060137847
958027864634
593112305285
725333328074
894278941932
683771312740
8616483527
309269789714
600164645092
400443216674
651289555636
235609574869
42417283877
207404745628
232934238946
275289836659
418660976642
755995944989
357902875359
352673022214
130832794461
855281271838
306564704723
53584890662
398599874340
110482662416
47643853789
342046136557
981621739193
412179108901
854732803557
621932731654
40779504473
777398014655
767315277702
260985178404
721829167199
507916242889
135663678397
77909670604
570148319013
637154102955
401349823472
765787425908
819987854207
85632471431
942276692075
430418822449
917685900762
607304909833
225348807670
524372068062
561941869400
944519001308
504592330513
801618385045
679200902907
376761421635
217946937283
296986532967
96719867838
