823287557743
123700257074
556580141662
565506529461
353006035129
461953069065
726484211095
442758230269
547341526382
397786472019
487960692028
457311302802
56550463457
297593268227
344040069929
806794433644
700246874558
244810792465
853678673230
226806316535
545458629015
355307711960
825748614721
729949881846
148210780287
397023662190
756926958740
280931924200
661596504016
816600170794
31106724548
474452935236
473017398027
651947962228
574161399688
809575348162
243298368583
307209947477
617784464019
613429498379
463290791709
340534814988
296597414544
361304824382
202768378369
942824123988
166516479143
770666704988
513613281037
599303991518
165334864559
454632612981
327042368753
991816600397
518725565483
700772276384
5805892009
656438111880
851059371797
785403382038
700767864059
500415509031
211892649189
157939598094
150336597067
161813099285
932703941504
770946974192
882392510918
664833562141
965517708036
509018779366
683096387116
243844650806
275077710088
457156293214
773590520903
125731520768
767856070339
190759896990
16681149943
137188215301
312876255926
3329479669
858659086809
649531948903
72461052177
625314887226
159899465879
339176181259
792059976286
605125211669
879192779296
793551533442
195756766031
599533680627
342534218502
859938482888
842151629218
559264251419
