368967164818
812077054923
987361611438
105901293305
83843002443
832851525407
324305449690
850198690130
155923695986
723307551961
470673967827
737768315448
340851343664
660422604909
256822651949
691080838372
70269298668
826776367028
884437998813
118542915306
16508659
70226451492
652349129280
758220709313
880785483512
598448862132
878314478946
676440909916
360669512859
40071650766
798341701625
373678277310
256184013610
551270005427
272332034751
951963722572
142165352458
180425460568
646852152266
216309154438
31499108552
638681957388
418088308903
503158995366
408178098775
119601397241
952116534316
240277814375
392556608786
932545689483
511468807629
401491799975
761945843634
443502329354
687024846197
93669671891
524949086915
507887675912
773105786938
744318359457
841578939655
592247253953
490112908678
270413898346
333080140339
333932043907
786147491117
899559385212
243778663473
719981441791
41466491547
174593260375
795570717113
768481544228
681867502237
737752899675
117796558018
930459478387
879335638551
678741492044
275312932175
171883769132
258729659184
330656468883
274309393139
397602897954
757709591293
413972943239
93668586782
744524994391
510658714847
752055400887
839975224567
536145267912
177046567205
781018748357
320285767733
950956889435
60826285823
623390273613
