804693707
1782608390
754851433
1602131602
1875868728
518289889
704492191
1322908226
1220356991
2071118887
732699586
810710004
1966780660
1614257996
1673226221
614738882
372564057
1769274994
2146247796
703888713
1917671715
873939829
1666044170
165091957
151649375
1855440283
774798294
1841575497
1825057515
1232724504
1625996119
1387363958
48602980
826499000
1044464204
778546050
405601179
825919875
2048528564
1161746444
551165784
1346362177
273920400
1722707279
1166709299
210007536
1281025531
1672538342
1938458411
196105040
1697492782
440936679
2004181803
1002559826
866301220
2132961527
739864918
979360696
1800547064
1602434771
528779170
904178904
940553356
253128725
169376368
1292784701
1740413008
246669669
1133688173
1422207427
1547234479
490407030
228716024
34487238
1953908023
12212637
1246843594
554856932
1106460850
1226606577
1881212086
129794621
1762293442
771420270
901700951
95786578
1419764843
1296914484
282715538
1366220002
1164419890
386616119
1719079858
330186668
349585228
2111152451
1414428223
1798655318
2020114454
347169308
