937097363350
568773271704
399196735549
273751035533
517838536577
987756195332
991900089649
615566305313
527618982560
68783203921
128091482869
578535075955
547569064081
855694535106
587991263480
258093253499
769661993493
815690019007
758675768518
238271786104
208132372042
131471400437
528422543214
524889736946
882668360349
571369517313
987561674269
162140644088
637009049534
381165864276
275913095828
753796522835
148755977425
677962144729
479893887989
628606964216
577901943582
195638033758
618447234218
718975693904
199796220908
160189625466
324069144167
296551273998
244693206347
910348931774
900870713855
485390819089
463300737011
482963899141
687926175950
726454480639
493954505895
548573673165
41254332309
372546080072
635240444846
393773366100
238844450024
708076302343
695792985485
278254385721
723785710100
162043947041
122033886440
116519340712
152208512505
184405538230
255172743871
323061192617
268926763107
916568051345
932564342315
185582776008
124525756295
788777840945
131607712455
806223968721
667828845854
397730434135
247211414153
113326241530
692042591487
921094488376
850926352111
399668267825
362273194594
842835336523
418763137017
510655414759
886735280146
661575598021
230132437690
664202632466
491797948761
327277649151
14159640353
934379143693
127788102853
251958730374
