664568712341
968751480760
890630791911
971688458933
610060558521
926045140718
167744259799
538870166795
567292667063
282624655296
214995619444
324563770804
78469119659
91497722861
232190039455
973177817822
432462218800
632773921288
839783978559
336457966907
496541977883
445207140968
386706791254
95422865828
412335188277
719558282174
189227668463
409486134944
522124212440
528618137650
754465904828
833806705761
227043721475
455882387051
828471242555
714025056413
410675410533
807252805878
673814989029
576701598646
566432011298
148650487619
106465177288
810558000155
933143660456
393523894385
457033198939
786044192247
706420915854
267977036513
777789346924
497953320065
782299241142
112971181792
951284431976
685296963014
885284419678
345171116369
411231639402
749160171936
708629181818
895651842850
639312907993
477009607239
867415105180
292278730980
342700148996
231508544016
951973605555
476134693666
109720939441
418532333314
140061538731
905069563563
875191726556
576066299213
440216886242
655413659850
210334053107
40073848278
873292403519
902343615891
743009185287
414951239827
426610210755
677110148
1482846348
257396401591
461236439146
353114832142
546705111837
867356824601
759036301910
462853333250
574787966111
844954546012
804975280894
36497093885
449924829191
182751307395
