1781965330
684360248
120274804
676519001
1476422589
60912238
1549768094
123201395
471610057
2135570569
1640360872
150115518
1845709448
437411621
740590466
288744050
1755689777
1452772259
2001774270
1341341988
1798949757
526299786
35361309
1612033791
798234785
601688686
81251879
1948214508
958070147
452575423
48056687
234887137
673168373
996992615
1787466411
799231794
178549773
851379952
459313303
1622456203
2021537862
648067447
32524145
1172458677
203039467
132806786
848143069
1891595544
698397820
1974029885
1045414692
1721012337
597106516
378131981
860093194
873883601
721020174
2083328044
1921054820
1899210742
1985495433
473351698
1342559798
791845957
598838840
1576014038
1004634568
1376751662
2076370456
948990242
317951025
863563439
1216232847
1476107383
1205695937
475920067
1559464641
2031793299
1212505346
1105023839
697082817
1347610934
1934426476
1150850199
2101569711
1418590568
888227382
1278778977
421927263
340506847
2002141921
1078001404
1797550936
638635356
421160586
339868390
2009013357
602109318
708362962
1954447013
