481082979
285697098
2085175041
751278694
1684649345
1477139367
1370381849
245622068
706527342
1167952731
1781016337
1914504073
1322471910
329644920
1981844827
1394642419
2118612775
98558518
763120189
988676639
1607294834
607479425
769438137
1947729972
1404408183
895567504
90157905
1307938200
874716708
1838147641
47656545
2099635131
1116359213
84669052
1398582650
1770082135
679481054
1867523479
1993610648
1574300442
121514007
28967352
1522980842
881422901
732500101
1752932903
215147528
1769525195
2056408709
459357345
215186450
276203602
1441777647
1898924028
1461660529
1063072870
1783050
2050433939
973129364
149765196
252814888
1337168850
380496095
1939051546
1574990397
980169457
361007662
814472459
777852435
1632915756
1721586079
1650053722
1996571943
1952661626
538854728
592874097
110826199
787604644
182051600
1724527872
1700644792
1877161221
766383270
2144187831
441795310
1402807491
1910024471
1195728741
460981361
1740219598
1290995093
1727242410
79244724
426215128
1539693551
451565307
250906251
1470961496
618119008
1347766917
