914456520092
689961820904
363108589574
405793996092
192677975813
927734596449
818047817654
353544616160
482356034907
390374765034
876849329814
497754393817
188579179642
963340202766
758967035865
79739766157
689625517353
274433644789
945663266289
922110077833
482828655450
692910947831
770706264688
934942994089
666224015794
851351716664
366295091293
991544008722
787265342205
615316781390
364415478622
235834942113
240226159895
79445221397
59743575838
437446946699
459830566703
496864053724
554955511082
727695459780
33979993036
835044375103
964571295929
185891694871
178934957526
247836856246
924640410046
551521700935
464307569818
354897704985
420317400606
29012799415
694932370449
854384358180
944096928921
152877906517
336751434995
27522352046
916581293600
600217379871
112865700587
544184676348
664149903626
150649862376
89182841817
467231366617
9548602186
482495625870
232113115421
493592902951
677066325869
841046909134
122856068392
495870374549
656330362525
418568643978
894297639288
10599409893
692320677343
230312682489
232075728391
560409641720
305067654799
997287176386
829158217301
691796378327
95116158500
459705297777
963754575444
456280235018
557702377664
580809233136
991663821013
145244103525
689063850987
208357716754
873120878860
307999158188
19333468531
164098284851
