1380608683
329329346
972959903
1596601463
1272619376
2124211959
1862247185
1361766917
1483347940
491169557
159605431
281403714
793230504
246600152
2112799601
1180790862
655635707
530734792
1560063153
1353566248
1093657465
788479582
2002232684
455971498
1291314390
651216148
1413134324
1526931295
704693415
409912700
275209324
1910816477
1622071701
2001663689
1630290768
553085703
1402186105
56324557
1754024819
1387110564
84777316
1070692051
1355822944
367241491
359737759
946049208
280116468
633323452
1338303232
118701546
4575559
1739492468
1955023065
1572854355
1586933562
1992964441
1450917628
895762111
1213434107
1682324437
1057116257
820719768
549676095
2078962918
1570826136
1858395181
1045645099
1298495492
1084913230
2000493580
1291621628
1519997920
139576728
813924972
166173014
1141105198
1526095076
1682746211
1703420934
1291139581
2008168579
1436311001
215317880
337663965
1466464381
197034848
144906662
199812536
1732352291
61668811
1380588623
2139664573
1728809396
645774662
152392296
1456811648
1172308489
1973797045
1427040106
1165691846
