95585522820
693836480790
344594052756
583795665918
395930013270
266575616652
685779489873
810079847247
225393867466
900752013377
798039460692
623910161269
550813798933
787417046472
167971772961
426373848948
483332080456
669387480756
568860098967
846550508666
874564130531
247477382438
381369177014
159996167828
121519472269
4749566976
317049804261
938940684118
224814555619
366985365773
531734329557
238702670011
270932723945
795508052232
744228195291
495802215582
328783519057
460112011971
800243300944
318555667591
588788175572
355059262940
641925609134
819811962926
951180019994
691340219846
842305518059
535619881523
82078843500
984181678472
376203081612
815598818758
303704708116
334580549743
664873151492
380518403196
644294416131
787923734113
981119373981
655463122308
242401440854
104306402654
396094871570
282427915082
344057632303
368029611301
185083772071
254914441046
102325681318
225821453950
667957422102
981336994120
420017298568
930669372890
219745213478
220779501730
421001083280
43641779200
363519659125
271668059825
472610709689
24466648153
819164569091
877094416571
469251636928
942260200361
512287661799
380407384560
497569703979
937866808212
869366138108
181572982880
656062169457
754474735675
244296417609
559526988959
619917937445
643079763958
190799457680
696329374260
