1447737387
1132542799
1499259432
1627643373
1155474525
365721854
589002464
1612283425
698866129
1254964660
1754143433
1233172415
564101708
1864588498
2057508862
1769759640
1701758530
1268402964
2125935826
770508796
614942962
1655052970
119587199
2004843648
1388770506
66135099
1283563394
1376728843
1692851523
1892191605
2126460459
998081039
753255756
553392027
108122632
445910662
1850051851
405734844
924943883
2045204595
1130374283
1560233019
2061020463
659695531
44720056
2138188389
540905025
692477424
1254182075
1486139220
159572283
1871768925
332377572
664886757
1394309558
819185242
528701377
1744195600
1543667650
672254143
663914534
86543126
683889663
801087297
1299217636
337085556
335078906
969050708
319270508
1565277750
948468500
138967819
1317409644
1147486138
1396371306
1111245526
38277523
1232718608
1526902047
213122279
2090903604
394472920
624348151
814274615
1747655621
1714182128
1765900791
1270592797
275753411
317868451
1623225868
2072395635
716166752
2116243076
1073216718
838228273
609859991
2124905253
629537561
2133342605
