962577386385
325322186291
48564998745
139500901967
342979345628
291515942387
187515136446
430896995084
715215450910
406444671252
477517479264
533741419862
93485015237
23034390808
909770743220
974983798132
181839014521
448261773115
938333997199
419005010730
644138289969
55130364696
481015010763
798912229479
446382188516
483503549230
590900767493
181656551444
900448616556
880330407524
643815133779
359083370303
258772536577
88704681626
556598753956
148248170027
86919628734
617978992460
59599565881
767412025116
461878369981
297410810478
203596081914
781998079991
547116189306
261432562862
578701039328
368567045258
725332243742
900627805472
52314243548
273176173699
552564785435
821226584806
545486140085
327993158844
938774742334
282566417000
185007954314
830535505915
307858450745
201250471713
989798488236
755870679762
110214451293
235273292058
819882298593
162190099665
856570639405
60027189982
470062811095
993204825307
569385537750
971352114180
920816351350
876012830375
261964563283
403297752920
816246264352
82306387068
532880750309
79746429710
432899682397
543644986119
969795690225
240243723377
736371292261
346268052341
284722983207
117673494617
274969998563
549221131510
922176073440
968539347872
61944148907
557264891768
608678882613
596920974606
437649202966
389123882428
