432191840453
481631670962
674051275930
937235846696
403600050539
19602740675
962876363270
225840099666
694134338742
440978583550
723959397860
451151505717
587040486802
732758261851
265647876259
158802462426
227560357081
981184249786
76780792805
216958800373
109235111244
258826407661
340740349564
414743509696
727100839192
522191294500
626362393315
920049151918
508499958198
205385536950
518457345593
193433116081
836151201768
315739537865
433933996671
607333471954
965007626644
368811078419
573781098021
650232111435
256656630806
771774628052
448445290425
934516494601
462393872514
997171760606
914145480273
764444246253
634410599084
763740762327
728563838776
671043928787
741420923755
452529890281
109889100774
991359290860
473070168588
451515346477
979337650710
82611908243
590718313397
516874542770
304478521464
868656102210
425631957889
335557699353
27315712258
862479796229
880984438137
509447411409
577675496462
318078629350
354914196299
948071539462
862117033153
674742655837
585470874944
477801039834
259860748237
290314521298
21785718372
856990467116
171938714788
280737418954
250392394493
981190821982
980031196075
197081281069
543402069417
315243808348
869075971121
138114842232
736134936324
964950504758
685051842081
774730333186
311537430190
741062567182
678394123646
8249381098
