619312284653
699951192128
954252196367
281950894518
961574951385
640489024056
505033142987
596687923092
586667888187
210334085208
935292506850
185613566989
195873292283
839133277778
678040208741
691019277220
19551113183
337003154356
834284804575
770449040114
775618492736
115801548726
404193593607
169275388203
183485547677
233084764461
230126918029
74808880350
281541994125
847358383595
220315651391
861022277250
502800694205
536502513330
213797573155
632035253925
189282610465
233550837626
222234811529
793588933058
576801645157
4425346937
509922250535
976064285383
703209108259
576777473064
230807324587
749685605675
616889683199
964130518833
610695836457
900459637822
811329630555
85982014007
751599251032
621656874515
347977267606
268313395948
439783834897
882392475045
203711509151
187248040461
763263706219
338984935959
98665388294
647916136561
203293843198
273779604843
340224826855
617683291928
294714511215
854057902918
125283098741
592293463747
750635293568
70361664210
270953611012
39758377394
781803507003
914954465554
874442087470
525384379139
674743762512
151149997572
281866236955
903392197966
390015291321
855427478011
154592602058
811635170183
689144037300
122200950125
648049164166
117233777669
902815167823
740340389080
936898403588
67256465639
977803179203
370123538013
