536981762966
615106863763
742556321801
156988852150
495603304467
384693061413
666651622972
243062046774
20279859237
256917155748
818836983182
846682425306
891943232862
648282191922
284093198203
263383601707
845286504082
455902172251
821834459104
83115416190
819189846799
407198775293
998366545766
256071892634
449607128292
830225559241
158438608253
513152719235
172480613559
924360137166
990815180715
855018579268
845328227024
251597119817
974538640907
648319527711
370610419382
236351566854
265113715542
551984473495
190424695612
327997553633
153737458788
332619595931
736083279841
455692182336
326389494101
475097020899
499120664747
890615422263
98275220424
751752032961
97393646079
682961190636
600669147734
206506717139
841643832922
23508153617
117176643669
891201277952
112484291843
329272618844
700388654053
824105383961
77271066983
350817582554
595989965874
637668542957
728146138032
81998563709
807892492509
49170575901
226522684644
480478656682
896074993368
584967425401
277715755900
964688930059
361326832738
837666991755
920920809291
664664304173
98861092989
637574055018
107763318051
713233606116
73343656667
149434190430
492232142961
56442764542
931014536871
505856403755
853492911269
84316780972
828216259662
256462108233
555457846689
400483891086
633973079530
149963976062
