517960150
1605019759
1024999546
53553388
276144023
440433394
2135405396
1011781908
1243010810
561765654
1257234566
1249747929
2123375043
681101855
1191038475
1088575638
1277559073
1393837205
1470282959
2098849531
797681895
2046684691
236543991
602626140
804655728
1144295337
1455670074
1313227094
1718328639
589350817
1024601355
1951091839
2072732030
2074990223
1373734328
756161799
3132847
1114152001
1642762614
1861487666
1481432966
518456244
1352937029
1255791967
626306653
1518563024
1793083420
715021589
49357711
626361035
285077651
264063900
1420752598
718243593
514487764
1226686726
1080792682
1465920048
1785848352
1521801592
389120974
868504903
515556062
2001702036
127305150
723943638
1825863611
1895878094
1808255319
158574089
127507896
1984012013
1311315522
1802792740
690805657
1074081517
340519537
67939104
1538704371
1006286223
1218829836
26544919
1611338704
2000809458
158132233
1291168692
349953509
1858400277
1131293571
1978320906
150160641
456608062
1252627303
1124889980
1727349319
1876064287
1657566355
1559859601
79951431
1566421442
