843147121
1676559741
806634700
45139389
595983532
831492716
1221986783
1545745620
1236957581
1904360907
497489061
1144810456
1523340519
484063299
983811457
1442559546
7914992
2030768077
1161468368
172509746
268377572
906193904
446920004
1634193669
1724633400
1326770241
1704733686
1879725975
922530808
143358716
2100771525
888380348
1702194892
12404510
176685811
1736025323
1664775519
317711070
1125607048
894209313
885361885
363011132
127054397
804505261
762880115
1248720215
2030455021
194903470
830058615
741371393
528882257
489278466
588293699
437488305
2029418454
2100674724
1408929588
1724893694
1406564205
624607259
874135477
659332812
390952764
1590628375
1814660769
440789889
1684565920
75015392
210792555
1589937982
948643853
938642043
341945839
417476701
701838958
1827177782
360829974
2123037537
1451089454
1636158046
380179287
909426784
1094842989
1386228627
294447686
979935914
730817755
1395031092
61105298
499560220
1595041417
822730018
2123693140
1732390840
709561854
629388387
1773658834
663519031
2029258793
1564735944
