432269646
218762521
249686783
302715643
353052158
250302845
2066935089
1282566951
1809380518
1889924506
530549565
594436611
602195233
4852720
2102770101
118708828
126964133
1434921860
490345210
1337190931
751611462
835030180
546602115
1954188586
432667684
466136246
331542266
1658284344
742198842
1550915718
83965140
305351901
1710967424
1423461838
1155283686
1453258075
1576949194
1689415931
2132255330
1755713821
1856879767
1345885765
856798504
1334603593
215894636
1441267469
1914296970
2136659083
607662847
1704728044
1784900881
630042024
2021917658
588847878
1161640170
912502313
1245651364
1991883792
468319061
510891972
921752698
2098049475
236042585
765430086
1156409872
1053713354
1610187516
1980145565
752433396
1764373036
1363418276
1320451242
728016196
1553869213
331231724
733972244
725436540
1147263761
1953848361
1156957050
1660199412
716492013
1140453762
1314828459
715182783
611061622
845881000
380223860
1658565195
1167494305
518701496
1179920099
1053107495
17449891
1222542045
140615819
1098058233
1737743360
475052320
2007626341
