887514632882
950540272033
123161705010
671004351974
613047006199
44995958036
836993168848
407971448048
664669828807
624315706186
990744877245
714180006698
857311440146
655888509347
764911389583
505268335140
321079371323
790533204228
518603517920
105688096827
172511397045
951376784295
455804313445
349145736925
816119828247
677527924509
887262916890
438695600704
547371182993
998971152433
26989200615
486128399881
215637547521
325159516075
93394861254
301240323239
590568831106
783455606723
425584663645
713425937823
191783231573
146335609403
565691174871
939133048350
722343574769
829597951785
354377827015
298491281843
114138566189
391483830457
238400438082
927180595238
683365719739
155608247800
506745666282
67294943553
507737065403
128861990732
922954254000
376160193448
112157820835
608166646581
17119698769
295952192036
943756202061
970998125668
991885781023
728561632070
417250696918
511385308524
806507539213
172574035362
61309898970
811294435333
599065468214
495613190020
800048757748
758216305048
365051924846
78098737507
46546871288
172070644461
130961437718
91220661539
116921638857
4880409160
839545431708
724552936685
264548720476
368367055304
581497351894
195804029445
583546172046
690533453549
218539401912
357334560973
978309900572
833005373588
651433519609
864628700817
