1017893583
882717479
1015636077
1595519783
272692792
417652446
1508101526
2060345588
54489641
979362665
1833640047
1597935479
71106171
1080508265
980690823
533671436
1524114980
615527444
741023709
1127808210
1381917048
844183431
1913952735
646068732
799859492
2138335471
865428552
350932333
1129626069
1869902203
1170635623
1775225594
1226250587
193055450
1982641180
1894045408
1071072775
1312200271
1640383654
533012592
1188342107
867875249
670379519
1369363671
312973598
959810083
1778392364
763062802
24173330
406748027
773641388
1724809178
2133587440
522166474
1433746876
69741945
1774282000
399651758
1765732537
590231466
793283569
1138463607
78548079
1602604495
1233846791
1160920905
1708717340
113522049
999599007
495940168
882369569
1610763648
925777854
1029369663
487665809
1401654911
1865965234
1573990697
1358080733
1806679215
1586281572
1772386746
758372485
650910450
570235332
1873192010
627847050
1638211639
535178486
1083300566
666253496
742771814
443437887
1092311719
1792846677
1031049282
799734931
44838744
1985493958
448561373
