560208496489
225117965381
584017733572
257084209110
233650847464
418352050590
773168400387
173953460182
665577719466
257596469773
849930488128
241912275449
160525985208
101976177632
417802467619
521166849728
194537758195
956623148245
459749280502
455872440098
738520142192
968341493277
839061806020
669352337883
452049543137
228248405057
897318192813
448850923658
952880456264
243422521146
331445695857
415157885084
181127792233
489209365808
341702098201
663709148991
197189024931
82473418628
75698151315
851625421708
549702555702
495073458167
36101392565
245861613842
314539216379
372936274387
306005261372
68078630479
550598380762
533631480066
205199765065
597341948895
71188218395
551302933722
228554005048
238834612365
942994464685
292042429653
761464380386
981910824324
80271824725
661872372844
703021201535
692071190659
453334466136
119650893286
72953476211
904920096710
253926274249
490699837430
668038774369
332941664889
411308573616
936293868526
657618583231
627985905575
190345495816
534618546480
804877450301
25120607608
244175451055
887635542845
562700291321
173584188242
817042049946
50324736288
771411898209
828009612660
939358362704
890273563485
174509692375
596021833243
889888854465
445835885173
307746354636
879398284880
63237852245
97265104832
369983939838
673331305335
