543767015439
850082194118
22571623434
318827162703
181636766316
88055063859
54203749056
860998102447
972469966542
187699829468
58776290854
45272900449
964678991098
80061844262
274191809826
584961965892
444127790043
498445742566
482341723172
256768736908
152735016223
322972156058
964710839471
833199946105
169645795504
677187247217
411521768232
58654339951
58288231228
512438312236
605215377579
630034797452
414311537097
966415677884
383288360558
573294175263
602337691275
970145223775
857628024966
521958260640
433768033817
644184477679
497851108708
10385024129
73209630431
437541498772
970572793077
637305840409
751908143521
509699098221
911853692295
924919629755
572565391497
236780253980
952258324489
291477459194
605609940827
979004572388
889433830308
476199523979
506715917655
602255276997
33654646147
596069087914
956558334172
708562122998
624179445952
510953291144
428277625134
656330378813
151852364665
30152646133
36763130287
436248852519
482585724324
683487713045
113319646071
968538193351
918619122727
170683477768
936020172746
556227262231
942566869363
648896661350
435332190854
226479815454
273051948660
6301599914
249051482422
652280966872
729643237170
840068671684
30270269562
646800499531
224695887339
235375490971
605388998918
454008265380
222945982317
977051331151
