230287402093
423067528503
304463106751
649897977936
173880957408
859527433183
533529287753
629335689600
255849848857
740043646077
237296840348
781804608847
6026828309
920055751525
194303685022
123842031148
522938743331
810993246489
486276777428
907192050864
735666717428
750175854611
674053468586
444087073416
193477118581
704549027685
665996496267
364269310537
841286580055
129413786558
541957778315
267349439074
26819951698
211595898361
271141591227
2374276311
965080210120
810084250026
348553275005
133013573513
584769547330
955030462202
401396187965
846423012058
533608389193
314800884295
597771732561
803449647424
762429455226
664283974457
831644629272
631779167186
868285616351
223697795674
176901515152
685937806831
260754357988
34569157037
358689884433
909976339218
217192899849
827902962816
237621129446
748444650764
431843355148
211898147637
165466765573
965159362353
498344641561
667056126101
121522818883
809112560776
540156249289
637592670329
472745893583
319293209681
755329890447
168977529002
629468698821
911617399735
116018138013
750012080147
887497083589
621399618947
389126049464
301919594296
606099092350
830301428970
640689059548
959690931220
853996334343
90853564649
503087574589
317233347379
613831799989
401490701336
92429781441
682808409178
795792786745
786564065643
