777019919645
674775647937
742726739313
415284246026
500172552567
851309941304
69964819849
275735045596
569220639005
157582361986
759895891892
515805095193
165285426002
667649702734
365981835883
749305314874
677402659378
944107937107
971174013556
956828675161
548463757930
758169053443
549077097654
159881878333
593519002627
783701818234
204530398112
24158833068
925281204792
797652564437
901810537975
550279605362
592104352510
234058635220
402610755146
754140573659
283277576027
993880846104
454170955960
692727408178
102985201917
619436473751
504611033032
748853529922
970212250776
256301593482
393229270241
103652394788
592380278259
509007762154
340418291542
187687675363
137666360502
134848139446
486256994656
648121709438
86702002681
933249167752
759212199719
206422088521
145576081937
761108266840
400544312894
178956969160
374055227792
982718686432
49859802019
608160026091
413128817724
867654684745
754284551114
514891613268
680844161077
911503090677
388376413161
288432719741
424640447236
962780722506
596642846042
348670879203
318112683697
862716131543
24981016622
894478996797
160888679909
830494837819
92844210075
233924540300
927600460991
32914911706
903004199608
548407708332
195155495844
97177151426
782756498449
783251141160
433174481650
689647501410
174360179681
647532566838
