793365755525
529390867726
199675354432
540832196784
26589119004
291898443572
672233261674
711962968457
55685406588
81476521673
238430076216
921091122460
440655435398
272280308478
629132329227
536055217565
331753470074
917879344941
201244952266
142340128955
572554437311
308366242139
407449304685
585041077018
356173840600
681148643715
115925803654
753804230487
261071996286
655728008407
228669430541
190535720542
148898833710
817112392450
460850650697
286366312207
127411053968
331630364460
930341839166
477232759766
673562139680
97506873094
24985384117
865534360166
410323710701
849386352248
782811514886
93265166334
912193342531
998928280768
997789523190
931210219458
758917589907
622402071131
61484707830
928053363460
461001232333
749466866982
802200946681
573341403771
53494760908
31786014438
425031757396
956820983986
753601974950
510992842453
551032576730
677788479623
760091504994
25971379706
288094139482
580938961245
79102285500
164240067152
566207794899
137930178485
679779049507
341896706309
421262719614
763031776654
920145878569
804404839611
320238524942
917427609368
651264223246
402827317540
640347218211
952375917041
469947400406
382212238115
189074870318
381438452275
815446028769
738801581616
75400240072
471163136509
483096904285
562366159144
928435849465
109105371682
