813200403162
998898539517
10098201185
538854830901
536619054762
190501625561
85361005005
782619134602
797394259562
243664360896
979765179801
889938340824
722988798999
475150930520
782003563237
81594123725
711652995738
139983467578
952514407291
210773740993
682153339254
289973751517
825879376863
405603794513
30693443273
231738299380
58485010519
365565232129
882255044355
50701718802
195444620220
521133835332
652242483985
508672502889
827992014014
427111433912
291460934955
308389335935
606646484715
913350790913
725631220202
217761208249
644003110601
118999066127
753057925782
869792573936
745332863922
244095240796
541720304223
922947667969
666926433420
818329181490
890995729330
777062780256
935187014122
115467452823
570239561146
105490229152
737412213238
749713083489
610700257527
348437881710
350994551639
214487829135
446583323212
553002286534
184613307182
7947079026
333460486813
104803218083
721154288787
857578529627
907411934606
591931844894
442729580658
884920587850
202790416118
517206483658
766497526294
189759625256
899217565300
560265626766
857815988587
701698875361
595655821723
76971000913
988060685325
779199590278
517086680512
601754060440
632470513954
731704170274
742814663729
453408108655
740039230595
298316526158
913499152291
61433045549
454698541722
552105339973
