909293752072
625477578797
158391337793
668634518675
644701030673
55750276428
38024982188
677363061236
935350805957
637503639262
962435623626
156186444227
873358356560
762869134981
936712673140
681653212967
253713056160
607124625601
118564901460
524341237082
160667764186
823423879379
64213949649
454770000163
513146164623
846157032343
870628997
16314044334
15372031635
739389609833
16791082905
458653368853
676955270323
517502170189
133260892925
393043537813
561120816539
818641341609
545749921159
696104042111
575295761983
797326133216
669184114326
279822843033
922597052563
977263512474
430965152543
556693330800
295497159701
417481520823
742130980065
910069731395
579230807236
917350643311
597348513597
930108781382
309395140647
361148770533
437055629587
952231949297
275022782887
998584202604
889739342714
938579067693
750713345608
65450526529
828997743020
45026687525
223226292815
220867445451
65033917401
535996913274
201868192462
79624354902
428778858449
970482670229
176492590836
233141949090
956094433323
901700608078
288427230368
128483844623
445200588240
843335431533
633077285395
729961958525
804239901221
370070708908
494858030191
471159832981
161768070719
191280918264
958098215716
476167624696
174794371806
945304880349
102962121816
438747293226
27462950132
838894742926
