2144532560
1940688319
1166946797
2054152775
1198580253
1141703311
841162032
525423623
342075297
445793660
2031082884
9978676
207883066
2082280240
1490482168
137055321
1386310463
1669865338
2110436770
123395891
1593020682
1219975225
2097228666
1473091251
2053172941
1910379391
718418240
1302296246
539676298
1516099205
1185866780
67243653
587677649
820954190
194639355
686045104
520362185
1173832711
1821592435
977183413
1714173682
1623948869
1338971560
613872007
835381461
8130941
1365255626
2136021634
631475739
348561899
2091931124
484132384
2144923052
2061236422
2141834797
1696542165
1643785936
1880591344
434402062
1698539881
859660396
42298556
94743535
1069210318
74656530
621849862
1775204332
868900153
716071871
521578109
135030909
1721756331
216511792
1076390126
486605354
758456902
2069706969
624913877
1732496909
344779890
804731624
272395762
1867920177
70979346
1096444137
379435652
1296055221
873467826
175540690
1817329499
196978412
1343870457
1345255300
997991484
1395588518
839829492
1751743960
1707418997
1914591365
642104907
