304487270618
779400731690
844144399184
78670307432
703139870311
588035239912
76035598806
985698540583
514758646802
298703412490
856972914452
647392956854
268625587485
477448205537
457855334952
364683680127
385492188200
826095927589
627081286625
5592345821
842622098092
114070400693
554332310930
305975624111
359301836047
987333074017
337285592411
838807936333
45984096055
641450826810
342481402241
327652403983
636987055273
680196783788
499625177101
733368342452
666692313860
706981499513
194431128998
791917033548
374522426017
898187616777
401281897786
806115111229
370578608156
394806618669
13364917972
752123547526
648583370725
150786159899
42676664055
235308442851
998825998417
96422020162
305227069216
840817192260
860202269076
607776426197
723161376027
728893595090
459300803863
258117420832
349155596174
459951508462
768938777517
639591018997
588456224691
632549666374
891710202749
746362820599
192546093656
445750171870
414637973149
574137233628
781208875997
760674103657
564400726743
757922821049
397672136491
884783151549
887912537605
533231419054
141054070689
956746269486
751994962368
978323103653
144493374310
734910498133
993575283282
118885856011
276631964767
918602605864
549834472979
645388067196
990150218284
726492991268
51418416721
919136846835
745428520948
612593030429
