426917967882
889847080801
661322835882
432704006411
80670816231
225456549033
48667153370
171328651745
263614411752
265421468310
637409143427
907344892990
401480805153
178285359132
421114280431
775323912975
989586378401
105014266567
176195827350
750482485076
779817334737
105392426064
982076782371
761820499354
59206081943
541382878133
243418134159
177214785977
500711161221
495714299887
798640727250
106085966833
457370649187
863818592762
284585623768
23040959446
889542565707
258782439665
615550932862
623027513859
98606103426
868352658036
694632224194
83822114338
839712580645
774902864936
183382216115
105908985776
622837307589
22981588571
798368162421
211854180232
971416988004
185204647693
965636402574
339525763740
889776731558
374232210215
742356311200
575637615245
833690146557
124481797257
700298481756
831142300218
562089175814
123085821516
616040063974
872237182096
69019555192
734497188220
405146562707
465543029062
569610862499
588768374604
486260264031
736333895002
518546384486
172426729277
130911962531
149836506111
635331706141
6564362579
442929647236
577350161261
272720038883
609897838006
465926638595
661024939016
984801649011
795395936584
881525203904
508499929442
491711114899
776008681324
829477013939
209172226622
222071032021
790491443928
968723994013
646902705349
