295525133
1908718467
720555983
724120848
509264787
1490941814
1419874702
995831050
1592396279
1463052239
831222723
979181726
940081921
919655268
1206281817
1732870639
183609059
2130937521
1082134428
394324953
284950429
273327393
345973218
1533642497
1830715785
1841987926
166817130
1229344575
654104238
561139073
1463705934
1080456353
108205839
1844370711
1559578979
1805988418
713474628
1966871595
995118894
360608622
550258120
1123638858
27094688
113888052
708560487
979282394
484525350
159568026
1800221526
426084899
1498418395
377236396
840381628
294075477
1166670192
1700219834
1177343056
690418734
1013517597
349964775
2047747939
926683951
1225756413
477407620
790964148
810660506
1134867774
1920408611
1775794314
47309392
560001954
1679499724
826805100
1894119610
170702142
2100231849
407980404
11365157
2035632763
1317867384
250787730
1626462696
639189009
1136471969
964826565
191059458
648258341
1093395956
688265113
1324831449
1331711247
996359295
1880675406
1847232096
258752793
203806776
144067267
1124486300
1385150500
1501720020
