33072949
1806272917
1200082027
612215165
906125378
1442687169
5391106
414005368
341203696
829181182
1026740491
1396328592
393351328
1101104230
1392207411
1995622612
1029641038
753698140
1546088974
565257318
1959572945
733276223
1912313475
1012313323
1584568127
891804042
1262161481
304546101
1052788706
1102014109
1652158235
859899935
1920746882
1018664070
947390606
1350156184
1762770286
195802790
912544326
1951763855
482403060
997461995
1086401483
1243757987
234667611
1278562185
1073271413
1757487138
1596247528
1766484772
348143229
1497795375
643557491
1543104945
1952289443
726025988
316698062
1279850768
1255649424
378070099
1967526067
1257411563
2077052861
1680752842
413122856
541210041
1523914042
1533329772
869714004
1509563746
866073364
450869382
1439396658
536347551
1404423198
1147924609
175818815
49325433
83864689
764555591
1491157936
757269862
1446478512
1449467144
139797640
231825662
758565576
1748707240
61389838
986856706
1084451961
690396438
638788725
851349722
2098721340
790659405
2131295846
662051762
991188827
879965610
