329672734350
99299661424
518160597310
541370822621
758031650069
814673344017
762968007785
993432348440
422503657365
470601446054
523494869790
240535050568
465016515233
427625824535
461046304432
451776972227
401776491943
272590304529
935760802724
142379631427
489443508678
559803979147
44767323042
640690142064
351360558610
766297481233
259377097706
648309672422
367520629700
254239543613
6391755994
595245840674
260542214778
36879631106
950712872491
764690439801
639056832778
976020318379
899537401061
395299026109
333738559069
443468260723
696362328295
759846430776
315347178162
938488897257
641177113069
466790580469
193859562490
497837934899
270418335206
408873855674
962470761807
893286390055
794360544344
778843441163
690022289356
215095689596
78718663357
630982236638
133155352490
206704572724
692747201061
888633612637
720005642968
735956896155
74729737686
618627524577
691165450090
801229286562
875012637222
592749629817
421752926949
729735552932
736658165716
127504512185
980555212180
681870815710
931201358250
774709436925
954765557036
644650480653
415470060005
276101084245
333352811302
119444210576
190276262888
668923653586
554669762923
705248144917
651741294862
635516327344
630741516293
59341289478
52858320222
170418546203
919411626877
559988638204
187483227546
177619237865
