494780046764
131960581328
325219961405
586581019041
336274391497
934682455004
597754130637
489654547240
236219656578
394775820923
486945101274
81276477295
820356028427
512651536948
372371369547
676778339681
555873336249
564031434816
990419506337
862159904676
242488232055
855437348621
882147345981
635464689647
914778603240
96086774567
43836283363
128658665242
610743128202
507815135449
85237881572
591509734324
363070096504
132739887890
97433244174
574172405257
46111598414
897623733454
767055902518
262635057560
922332161089
664468671414
679886812319
950388612289
340153353306
100508724453
882506799189
828695477597
128204699536
658061574055
353552323811
758454795307
897347844592
575430941350
733458480360
397139102155
939441906308
62493733221
26355007245
340794195945
111274067834
492966378577
309512735250
977030426099
840577622478
715368208868
456124155736
960107535611
798373641777
355407769055
461181478804
358355742992
105992551064
221440090302
794500130074
755596961306
227388834755
846669239478
748953537850
190371876688
203382887912
791950023196
703989554235
35694715541
515115835724
530309784271
496627756663
580365196611
577759021751
430989287254
482633012933
943806737844
215892610833
167536529290
442964860960
796579743588
868980317345
577184136465
897507235934
147635914965
