1322784670
1291234946
1463484487
1653563918
862893999
702373002
65437055
288956121
1024999780
57486226
1950842879
35944957
683987492
297815653
1750782461
579890833
944440145
1153882038
1518080256
121652585
210564151
2046119248
1470561725
341618752
1362576433
56497823
371139187
1443805021
1613260494
2088079283
170750107
758895957
858969766
1319782028
217954733
1705579396
1061188416
542019377
94038665
2107362110
2134676446
1645221140
232261208
1636336257
1227887917
1941856996
1481548313
309609626
256107501
841540719
447565091
1738752643
258202525
1692870735
67604042
202284631
331180016
2012399535
1679028142
1490861014
61869102
451912166
1785598170
1611960012
1705714779
1189086850
499868968
341718112
885036306
1333455820
252626648
320902817
1082207702
1625841071
928955869
755176593
624644781
1504767731
1863827845
10632126
452998981
724345052
2129977768
2131434933
852203324
1412824625
616787496
443881203
2100672790
1376424850
878608466
674931290
561567576
75621267
1803799092
424694545
1753058834
184186198
1093494459
196321387
