35833197425
50862227309
256302720027
223837412635
888123585148
646553185046
165493133034
2342365314
87402162219
238802680250
956938612577
948140785659
588467250201
899824322174
779829435292
913013309199
77959113123
670988928990
368079064733
498596342185
813234494018
161244868244
101201214360
84960843515
396008004947
516639297726
785897968395
6999623010
929992297108
193315456543
583941917772
16235956775
961573865923
557164858291
96401135216
745678055668
715171455646
653452716455
924034796240
216605957780
382631040584
501234357970
956456047675
944407967634
82215167163
45204748742
846033879778
799204597327
646824688383
501968620149
820997973053
175454972069
412910044666
397313816217
875736957116
390825422240
45821409506
766008392307
628889386621
74950678890
537822636525
534847204668
640464808101
461609052915
519146554434
213566760166
808136468772
702095677063
691222640352
782557605318
706952899587
968911959050
938735130994
624191544950
645516634371
792617220711
403586861883
751940003018
512274460557
196002996798
896910389456
144105350403
700696421434
601796945917
573180942663
362372165474
701665891228
153590208211
540383742584
874350866339
797465719818
806686694614
536271706020
931759795569
192395478788
97271654142
650353026961
923328008904
456900231861
172079401255
