451895664197
275170041644
322674284907
188639599801
560803124763
529190809514
876106322110
818687501199
675302142651
350894553279
470052942538
703061795741
272966183267
199270833531
536513552864
35008842449
745369146445
416970382509
41189491625
619559642602
539072413163
232024103375
566773871444
928698611707
819110653674
684391221761
908426425990
698665179895
314108423028
269268596078
718802067947
742664062295
620045456516
116406128383
782934599829
440516960963
245669287700
270488683932
838116543016
207912524034
175361548404
486991246041
776626413929
669218197687
61209900871
995783517900
644133872318
310781144546
581662212976
248850324817
965916680169
310567949484
782423467078
913478239910
417242983659
75802552666
461155108681
651938031846
239911753051
846989092376
619931122355
438332871075
898474546517
919405031254
182024747209
236436211360
204575489068
854523939457
842639623462
224022123828
32236725948
451923103473
999499843764
555376520232
100641739072
958207045395
401462164341
907197542571
392142188238
464580146550
184683678298
196206328864
480396196822
744652444778
220868525351
73966943556
482547233446
309298371830
220414566692
162933157904
876015053367
249040467261
747014585653
545427873177
45785172874
107346689597
619114426806
669501765374
534777908762
547496504952
