1027327292
521274764
1479162435
1012347373
9362830
594777579
2037877115
383985802
461014979
157753677
1371228941
1597795430
2012269922
1648106098
1475110080
1623893592
409931021
583130371
1704264136
430450066
1849336166
1262118931
1736891898
1196916015
1088142656
442881540
331722278
388778734
1558928164
1605158948
1216865422
1370377173
167032536
554705923
715936234
389410697
1442912070
1637818566
371251516
1184234877
557137343
778622881
1696899796
1212039212
1860644289
191697609
636243963
1031207728
1315253206
1411454671
1214290735
1047285704
954856316
124808981
1720504195
646698510
647120103
1290382713
24906338
1988995248
1312683934
1179373107
449747539
1911934180
1079953199
241631149
203144766
1902567079
413392923
785258816
1557909697
1667653255
1439179788
1186380755
115686890
876859695
1348108151
1701218007
773767491
1696738652
651175651
732501245
1772160111
1244285334
507854052
1403038786
1502432242
1265969868
2035080647
628388360
2146074221
2081580982
475471197
457757492
1243744490
7823532
493599857
203468238
896710042
2112924895
