1139123473
431497706
129668823
1795490103
361953477
1678399635
1664962100
1306094290
2096376043
27958372
1744923158
886833074
1466964538
13238959
1316368272
825016110
1891335738
626805672
1315640769
1482775071
1600378509
328922088
570625638
1990614011
601946264
115398031
316973776
1618808672
847026461
304634064
383699200
2086546106
172448032
1378634021
1500923464
1677741786
1345912192
1300957093
1654851944
1035910511
898032148
711240320
922079038
1140394914
325770123
1282641058
907413220
1612611193
1912695611
992422134
133319889
881930602
675496220
1466411498
1455713914
2050045974
895052550
25260615
1500877846
911040060
291885310
863755422
147923834
1517298459
2014375935
536644590
2101790377
832356736
711185394
2146421403
1474217915
1661661966
1675316974
1394286201
426624143
1971557715
297842795
59474408
1006479401
170605188
470725971
161639049
100683088
2111029827
1500970302
317464405
1274875687
1391325290
54716847
503046613
61306452
1732871851
203979143
893555789
639002252
145130717
1818021274
1086222602
384788667
1069865152
