112855775248
426477182418
486952795938
519135549429
592154911366
849789790419
554013510805
145603535237
278010321260
140572601196
908457242237
940201476554
152575641827
902863521862
885230533910
120385167627
5310209278
860037397930
215138540709
44376002654
752111473959
239156653253
939359466858
347680561183
635636129336
913210109985
535370350693
12874729233
885036029723
261752397634
459604136740
513338478721
393687649096
421539705181
554722471564
86733856591
767939626600
9702459231
779057819244
516848142098
375899691649
616901799592
828155799601
362449049554
699410360363
855299968699
904943185109
359212014998
799809128852
325989381660
36287164308
705522909332
52319730965
505898214612
855731943302
916052533021
263874894529
988810307156
561872625441
204508402647
629830342045
35957421521
155892963905
97904809966
570492357461
229532218034
41499419041
250548510731
835845653912
208230229692
821523344002
604394271355
203824745781
59933769004
207362953908
300145584802
428571147220
386992572008
777440916560
846440587584
587541699399
919597370666
86731652385
528923707211
341292122245
151299464118
787218095195
339005832431
296884282059
771267935273
144290011816
297223909432
315887985438
720214524652
992666247198
47630670057
823454635075
912282387527
788708590764
930451715205
