1054585199
1230900902
1041488363
155710244
1386988862
186815449
186159429
2045333171
1143867468
706926732
1438049520
1517319302
217200589
1915583070
129821666
69355110
1715197096
1644598791
509859800
753907070
762608190
973444034
1143456592
243784741
2038827158
1318972974
1652569684
1332672337
2117013396
1135083076
1244022031
377487825
771181537
1184282714
1361133802
1580002370
1464537435
23108131
1831301257
944597595
1652660541
712222289
246162845
1205431793
331419153
1736607800
717048223
1898740644
527009288
1222543188
159826220
1844720790
1000905791
984222386
1906592308
1493423669
182738747
388505619
1263651653
1727546788
899958476
874780311
759639615
472727890
1595636977
94888703
1361565247
241363897
6407696
319964322
341307766
430802025
1322260138
1065360210
1937884431
1286641415
1569420262
1852190980
1998337595
1563203732
450186326
696692701
1233382263
1943533397
1739532509
480508505
1367930815
2000766570
1584797264
447942307
1636171014
598132463
441354034
428732700
902853215
134534803
1973637377
890983677
359188808
309764339
