644671408685
458053233788
253768025008
268415667809
418178382937
851599080009
347550860087
940372918034
659494893764
212619255854
50632473264
887905973329
257695366665
800176269889
232048295266
810165618933
806110732397
679493303021
913533243665
4929866056
797221679845
326702754886
43772549048
924951481261
766454641947
338722225854
589081646725
659125567307
683949337257
445638008564
622729658594
764953190423
336415081899
226690911172
173426976146
529312861671
92776035198
569489910416
48179140106
923078492310
783080800274
659206902179
276348386827
457002427472
62542069158
935492598673
890468124310
399252825522
737552903663
135216352108
67198212730
156038042850
217202764496
991177917558
525826274413
983412288764
739847944517
587734040650
420267921012
196406394712
409260798410
337113054060
77365554945
572613820794
940893930044
42076510159
976585312973
312782780903
862785352237
754216387526
554185030537
990876756762
620422438391
314631623310
165636037494
131021889576
94011495385
125923889078
947201029397
926876185313
736889021415
38042571879
846197665342
641047400517
413339829156
684424192458
835374076760
292393040769
104828518229
197264834910
320005513613
689327665034
532923642386
910056551034
136654050602
298707851967
315503231022
142171922273
436857840114
568987579547
