1790659169
772824325
877333219
716691431
197104794
1320489084
1364026690
808647105
1655375519
1245700948
677758433
832719743
369793102
294990896
1519731796
2109281601
35823331
787302957
1554049132
1207646710
1050307173
197078271
874717023
1843441846
980530453
2133300140
2135966315
1849212953
1338761687
1381503790
341007166
1821068766
765813118
1151577755
1444701521
1648350465
1287218955
538716807
422319497
490332744
1127674869
1288338508
27691255
1550455033
931166933
1409307242
1629673531
916601679
1424219022
996373292
2115922985
2135898222
704773902
1762657709
451204798
634282429
275960495
1650845592
273145504
1583932089
939331611
1194096980
953261645
1240460895
655017189
872721001
508554797
295558119
315630522
517575164
1577010998
580672112
1190494416
534510613
595777290
1660150716
2045541988
358487493
1407665016
1946068560
1398344110
2055907649
627976513
1666612633
1129315010
936900884
1143057584
2127591873
686403314
98346714
1498297655
495442863
1114099022
752344561
271323191
1021088556
893537515
331871134
743117879
1964785048
