2084144875
617147908
58874746
1665378402
1860431063
902975521
42648098
1674528635
1029574510
1783045691
1662118399
756651817
1796414432
864765451
2091095708
1475681201
485306004
395117922
727478530
1107251339
1627453318
108703787
1623448159
1513473178
2147387578
532851964
636150958
1615556340
2019657359
1254708231
1739308524
1010959904
312491464
1446518533
2122100091
727820061
404911915
2126361709
1485873436
2134991536
498487829
751235056
951225479
1378357285
1144788806
1159468969
928349105
1294712280
1924978556
1273448637
1029216057
53493414
1415644652
768341051
688874746
833515045
851531934
866191130
282678897
750394715
1859999821
97542168
861194915
63155625
599667757
475236528
808642903
1584752505
1843161441
562730912
300456596
1039954875
152181192
56270367
843253489
1316803070
1690215155
532427569
2093278781
1659367113
1760428249
1635376224
124998815
616076939
1386451586
1894235952
2126062136
745917319
1770332894
599020273
330391175
1639250730
819311747
507387265
200618
1224303079
1821026846
61263678
1013969233
1498160086
