476432565546
485575510271
495216387612
312551944460
371166639130
279898743143
241034009345
420200868367
231149179831
942977944594
581474257956
109620912962
186230251748
734910483544
295291575934
220721287405
916581284431
514870710926
292320533634
775828404824
856274957588
98329059240
553622225818
385860438386
219116463851
786314527719
658918938926
801046803569
389954838991
82264605815
330059659502
96038387177
645606789673
252525946546
646077266490
528542307730
585703886342
630896496630
963783214733
785916649960
400804828762
514649808001
475048683076
906542479598
717192860232
682348968971
842339596705
678884364638
443716679503
773937809282
738959797292
202896991646
1438909677
933950420223
408173706695
661351386100
391117766611
584561845318
735179817510
38663595070
256504942941
320361597345
713496343987
867404050585
101922295188
181554315174
261245712115
364349541703
553644230050
713870027498
328801104836
502078541253
497722540260
656790891188
234477486712
569078800561
835978638008
180557322761
4602310270
405587345225
176781726972
215469385221
317119022081
248501834186
999675714090
136397983968
744736002099
948513404471
971043222352
352077215754
273779603358
429105306640
349188617971
772113195229
79928886918
889921830207
589326737229
489070917088
410852377942
384735937627
