525790696
69020267
382458089
554546352
181510084
1213203048
2093883118
1079040837
2087432191
32493098
650651748
517198112
1682348975
1469526423
121167214
642868342
697995937
1662033245
1472952186
1863391133
1260748130
172675961
914469430
2094732078
315126028
628479094
1523556912
1973496803
675840106
803652559
1463903130
99762231
1666571757
442312078
1498192679
878594878
446557774
1988645000
1868516739
1507462292
2054157985
1286144723
1811452406
204924123
1743449120
1882480172
2115163200
103609962
1910877264
496235163
1545383240
1588887862
479146189
2093805920
1929057698
1112111527
1708254448
923630793
1450937435
1228658360
2005790615
124575699
2094700915
1938853134
387763560
1676767922
10565473
1480245657
2038190351
1353575960
1256887049
1851480651
797256327
1336614256
1796852972
1792856290
1192614973
1814973760
1406262332
1993478689
1503949176
991275842
194943068
1495582201
2101447719
1515754671
1837734783
1698686727
1180217471
1756071405
1424343114
934503889
1658951912
1224595983
301413433
2089128805
630197185
334741291
1737206344
39358996
