343734477694
339022292915
580059569209
254666023092
473642875052
383641155611
838163839286
789540639202
136493568401
123735438060
654783838336
669114880126
493988599580
967489558904
235761270982
186572083917
656878828780
858794294344
161007390993
323208463466
201796752170
542673318107
737249482400
21080070663
525924093740
285042863989
887267338786
519321302199
985517175887
608025955496
212801714265
877809990586
353237992107
518238604637
199397272371
891012209541
150016775990
724950885202
816685911369
233710248674
989749033981
274424796735
354641618082
725710366448
897650119607
277833365188
453807141503
186315930169
795116788718
887187081409
195543491186
981888816888
892621427012
434009865363
642370829126
838670515731
326058611124
451990159701
882218824104
598809371482
296845819608
272300086136
391177129166
657642778777
119049628119
609375717695
564127068038
388297294775
167485985612
663848740214
862508376546
554162977422
931437733681
455611961164
673140045445
83866108165
387118960645
972123737770
448789355861
925086678190
341996704291
868815396869
214325147723
62148566296
148100906369
82469031618
927486153912
655723611238
366889738940
82496536772
522879339366
295893932883
634805171265
513523162881
52131772836
120066399298
624243184911
540825606039
310219515633
643746965362
