380508562568
94064276220
7017207704
974782653019
569360241634
990069980212
8623103168
300278513768
495562639058
932409389956
307552895938
867655826727
736248163502
395592533630
149808987805
547239339561
196276635940
632191347301
333212065086
435083777918
245712158540
425438456740
166100984398
929123955918
182053308339
284976918537
538040324261
802229545240
973266869748
221736903001
879421408586
584809131330
3617400757
198666243457
614793559634
761920567103
90546899913
796246723106
213046813677
478139564019
881800013503
155157557055
384843678945
584855318262
834261763999
149314390466
553680451173
326510386387
215984912455
42719541873
576740117617
235482107251
112826137776
975763139035
935122202027
521208620893
270040218228
41189497658
364811192786
816684793096
848390533400
445990817899
370459905274
452713449166
103035746255
817365213230
400325597746
306452636897
774545666727
498468838058
142069703208
978188969183
906505074089
413979542186
319640520734
50480834732
406715094453
969630783512
601907958165
671755079963
103550177089
641394728470
773110164308
136324325917
84343136295
94413822050
956351630272
337513137488
873575971748
227741698207
852238772958
590086309384
537221425237
394166899887
545279470339
190059772759
27902596581
945462089875
294679366314
958911652070
