6858765
1458630064
1669655143
725173052
1013788239
603677575
1296254597
2076896611
1202142739
886863397
1976603199
1345430150
1789211787
68995168
2108102843
1699274095
314693212
1944075170
107693085
1816448821
427808795
407167409
1379743721
824298541
568571790
1831329027
1411327985
1232562780
1055384498
1779817313
1089860528
1397868833
510378051
874217039
2030145346
1432646686
906201438
573543942
1646425458
1145881011
188805581
1422053248
1103431673
1854836266
1360502810
1712338061
837437780
208946022
620028909
1235218319
589871884
1192239836
1952497142
2069339434
890204073
141286262
1628775499
855763384
1117210929
1514557982
1052335583
2076310436
2087717749
536899110
2084540723
827714303
2142708902
1355239371
1296548315
570964096
1236626676
637807866
1545921685
2048598389
187811572
1895613161
1650493682
801045075
589592482
791297716
2121970588
698746787
1396667313
1791267881
266028674
82970864
774424345
1999065595
913797850
1544905253
2145294941
1869123904
974666212
209765768
1512598049
323996357
1535726954
356962585
1548340024
1891432669
